hx = -15.3 + (0.099 * 120) - (0.0060 * 100) + (0.0056 * 250) + (0.0066 * 100) + (0.0069 * 10) + (0.0686 * 50)
px = 1 / (1 + e^(-hx))


hx = -15.3 + (0.099 * 180) - (0.0060 * 100) + (0.0056 * 250) + (0.0066 * 100) + (0.0069 * 10) + (0.0686 * 50)
px = 1 / (1 + e^(-hx))

